0003000708|000000000005000024|0
0003000708|000000000005000002|0
0003000708|000000000002002786|0
0003000708|000000000002002819|0
0003000708|000000000002002825|0
0003000708|000000000002001439|0
0003000708|000000000002001440|0
0003000708|000000000002002814|0
0003000708|000000000002002738|0
0003000756|000000000002001786|0
0003000756|000000000002000003|0
0003000756|000000000005000002|0
0003000756|000000000005000024|0
0003000756|000000000002002628|0
0003000756|000000000002000087|0
0003000756|000000000005000009|0
0003000756|000000000002004378|0